281

Ρ11111131110111111113ι1343612 Salustius: 41919.
43111334313333111111 scholiastae:

3ήριος1 1558,15 .1598,6
11113,39. 1746, 3. 1770,9.
1784, 60. 1817, 24, 1887, 50.
ἐν τοῖς περὶ Ῥωμαίων 311-
1311131 1570, 38 11.

Porphyrius: 33, 36. 51,8. 59118.
62, 20. 196, 35. 225,16. 263,
33. 281, 21. 285,19. 24. 27.
305,10. 318, 42. 322, 30. 325,
34. 325,43. 3291. 32918.
329, 46. 349, 9. 353, 8. 359,
34. 403, 33. 45913. 554, 3.
63215. 63441. 638, 52. 650,
42. 696, 47. 69814. 727, 32.
5,10. 832,
47. 837, 55. 913, 7. 107545.
1208, 12. 1294,16. 1299, 54.
1424, 6. 1448, 12. 1467, 27.
1480, 4. 1508, 54. 1687, 32.
1723, 49. 1734, 61. 1951, 46.

dv tero 1151111311 Π. ἐπιγραμ-

74918. 75912. 81

Arati: 1527, 46. 1535, 30.
Aristophanis: 344, 29. 1483,
32. 311 Plutum: 723, 28.

Bacchylidis 1) 1954 41.

Euripidis (Phaedr) 633, 22.

Hesiodi: 194, 31.

Homeri: 264, 39. 328, 37. 337,
43. 353, 3. 35926. 366, 2.
368, 8. 711,45. 80961. 948,

57100924. 1017,48. 1310, ’

30. 149924. leuato. 1502,
25. 153961. 1549331542,
20. 1951, 25. alias.
Lycophronis: 26938150941.
Pindari: 97814.
Platonis (ex Suetonio): 1397,
13.
Sophoclis: 723, 28 (Antig. 80.
Papag)
Τ113331111ε]1387,49. 6185 38.

Παλαιός τις ὑπομνηματιστήςε

ι1111111113 17, 38. 1698, 25.
ἐν τοῖς πρὸς 1711311131) napor-
δήσαςι 37818.

1471, 15.
Suetonius: 1397, 7-46.
Suidss, cf. p. 16. 264.
Teohnioi: 12,15. 22, 43. 63, 2.
114, 3. 14914. 15942. 157,

Ρ111311113131131313111371136932.
496, 38. 518, 21. 524, 7. 549,
12. 555, 26. 556, 34. 61810. 15. 18919. 174,1. 181,11.

64960. 1045,1.1139,4. 1146, 538, 20. 631, 8. 878, 61. 969,
53. 129942. 1387, 6. 1491929. 7. 985, 26. 106919. 1379, 57.
ἐν τῷ περὶ τῶν 111111111σεί11 1600, 20. 1681, 55. 1768, 65.
προσῳδιοόνε 34931, 35. 1788, 22. 1822,12. 1899, 59.
Rufus: 716, 38. 1916,58. 193932.

11 Ptolemaei Porphyrii Heredium, Tryphonis, Tyrannionis memoriam
episcopus plerumque ex Scholiis Homericis detraxit.

71 Fortasse cohaeret cum Ammon. p. 97. Valckenaer. cf. Bergk Lyr.
111⁴. p. 572.

 

