280

59. 1724, 33. 35. 39. 172825.
1755, 54. 1756, 6. 17592. 7.
1770, 25. 32. 1787, 40. 1832,
5. 18491. 1854, 59. 185958.
18886. 1892, 32. 38. 46. 1895,
45. 190845. 51. 194822.
περὶ 6υσκ77τωνρημάτων1815,
Heraclides Gumaeus: 1285, 60.
Heraclitus (?): 61440. 185945.
Herennius Philo: 7 3, 45. 831, 13.
855, 7. 906, 60. 907, 2. 9096.
1540, 4. 1698, 27. 1727, 6.
187447.

Herodianus: 8, 45. 11, 24. 15,
34. 16, 44. 2832. 26, 37. 36,
38. 4933. 61, 24. 67,4. 73,

157953. 56. 158835. 1615,
13. 1627, 46. 1635, 23. 1638,
42, 166812. 168432. 1687,
12. 168817. 169834. 1716,
49. 1741, 27. 1745, 64. 1746,
25. 1766, 30. 180952. 1819,
38. 182512. 183541. 1837,
15. 185919185958. 1868,
35. 1896, 4. 1913, 45. 1922,
8. 193424.
ἐν ἐπιμερισμοῑςε 445, 30.
ἐν τῇ καθόλου προσῳδίᾳε 265,
43. 96816.
ἐν τῷ ἑαυτοῦ eumelus: 154,
39.
ἐν ὀνοματικοῑςε 1807,17.
ef. Techniei.

43. 110, 37. 113, 36. 11417. Herodorus: 407, 24. 01. Apion.
117,41. 43. 127,28. 143, 7. Herodotus (τις γράψας περὶ

1493. 152, 32. 183, 8. 187. 3,

venenum: 59429.

217, 43. 2181. 22941. 277, Histisea grammatica: 38420.
31. 283, 38. 287, 20. 29418. Istersvdmuaulsgsew: 162814.
297, 36. 30916. 30923. 324, Ixion 6 γραμματικόςε 51819.
35, 341, 6. 341,16. 34815. Latinum lexicon: 155433.

358, 47. 36531. 36812. 376, Longinus:¹ 67, 29. 106, 34. 1919,

35. 413, 5. 4191. 423, 23.

15.

43811, 444, 30. 4691. 496, Menogenes (7); 263, 37.
42. 518, 24. 524, 25. 53441. Orus: 837, 45. 857, 42. 859‚54.
56411. 561,18, 562, 44. 570, Ὁ συνθεὶς τοὺς κατὰ στοιχεῖον

30. 601, 4. 618, 45. 62915.

πνευματισμούςε 648, 50.

650, 48. 67 7, 30. 700, 55. 759, Pamphilus ἐν τῷ περὶ γλωσσῶνε

4. 764, 28. 852, 47. 102919.

92850. 157241.

106819. 107516 1175, 15. Philistides ἐν συγγενικοῑςε 84,

1235, 24. 1300, 5.. 1339, 18.

40. cf. Aristoph. Byr..

1388, 42. 1388, 43. 1390, 33. philoponus21536,18.

1392, 23. 1405, 18. 1419, 34.
1425, 53. 1436, 53. 1447, 22.
1525, 8. 1560, 25. 1571, 30.

ἓν τῷ περὶ λέξεων διαφόρως
τονουμένων πρὸς διάφορον
neptunias: 1681,2.

 

