279

42. 194, 38. 264, 43. 27918. Etymologieum Magnum ef. p.

44. 27912. 285,13. 28931.

mm&

288, 2. 294, 24. 300, 32. 301, Eudemus: 553, 20.

10. 313, 40. 314, 35. 318, 24. Georgius Choeroboseusz 13, 37.

320, 46. 33912. 336, 3. 362,
32. 363, 46. 368, 3. 402, 36.

405, 36. 42917. 58931. 596,
41. 635, 29. 815, 41. 81912.
88964, 9792, 1144,14. 1166,
18. 1175, 35. 118920. 1387,
49, 139917. 1419591462,
33. 1468, 46. 1484, 20. 1491,
9. 1534, 54. 1561, 14. 1659·

27. 1675, 8. 168956. 1760,
56. 1860, 21. 1913, 31. aliae.

Demosthenes Thrax, ὁ παρα-
φραστήςε 1383, 63. 1398, 28.
140919. 141913. 22. 1485,
23. 1495, 29. 163959. 1658,
61. 168937. 171947. 1809,
30. 1833, 50. 1851, 29. 1852,
15.

ὁ γράψας ἐν τῷ περὶ πέντε
διαλέκτων 1471, 25,

Didymus (per alios fontes sem·
per ad Eust. pervenit): 149,
30. 36910. 500, 43. 871,23.
103946. 114964. 13096.
1392, 23. 140950. 1422, 8.
143962. 172910.
ἐν ἱστορικῷ 684, 29 (Did.

Schmidt. p. 32).
Dionysius Sidonius: 141960.

Dionysius Thrax: 86921. 854, ·

18. 1040,38. 129956.
Dionysius (quis?): 859, 49. 1148,
15 1680, 48.
Eresius (3) 1698, 20

45, 3. 10929. 26922. 315,
29. 365, 2. 36911. 38918.
561‚40. 815, 23. 9591. 1155,
41. 159948.

ἒν τῇ ὀρθογραφίᾳ 356, 20.

Glossographi: 305, 6. 477, 48.

mmmnwww
wmmnmwwffl
Ammmwmmm
smmwfflffiwffi
1mffimmww.

Heraclides Alexandreus: 23, 31.

28, 46. 3938. 5918, 341,37.
365, 28. 452, 20. 670, 65. 705,
61. 718, 4. 72958. 63. 734,
9599955,
30. 774, 53. 780, 34. 831,63.
842, 45. 84962. 853, 6. 872,
19 (3 Oohn p. 712. in dubium
vocat). 1064,4. 1098‚13. 1383,
20. 138532. 1398, 31. 1401,
36. 1407, 57. 1408, 1. 4. 1410,
55. 1411, 21. 143932. 38.
1434, 21. 1442, 47. 53. 1443,
58. 1457, 43. 1499, 51. 1525,

11154911. (3 Gohn. l. l.1n
dubium vocat..) 1557, 26. 37.

1561, 691569 2. 491576,

58. 15994. 161916. 16118,
49. 1625, 56. 60. 1641, 36.
1642, 3. 15. 1643, 2. 164933.
1647, 63. 1648, 3. 165915.
21. 24. 170932. 44. 52. 1714,
54. 1721, 63. 172937. 43. 55.

 

